7	99	1386291	7348
7	1386292	2454107	11509
7	2454108	2776034	3896
7	2776035	3366232	2467
7	3366233	3965979	6785
7	3965980	4756196	6949
7	4756197	5249552	3518
7	5249553	5691297	2336
7	5691298	6389417	2277
7	6389418	6858151	2786
7	6858152	7329137	2075
7	7329138	7632218	2117
7	7632219	7971935	2631
7	7971936	8413899	2417
7	8413900	9109883	4627
7	9109884	9392206	3947
7	9392207	9592056	2672
7	9592057	9812570	2856
7	9812571	10511302	5847
7	10511303	10891644	2000
7	10891645	11826026	3544
7	11826027	12390653	4075
7	12390654	13014745	2773
7	13014746	14177763	4305
7	14177764	15189896	2976
7	15189897	15580033	2710
7	15580034	16132919	4758
7	16132920	16693412	4336
7	16693413	17571205	2502
7	17571206	19185643	5873
7	19185644	19744557	3004
7	19744558	20042240	2002
7	20042241	20278186	2743
7	20278187	20633452	3159
7	20633453	20903795	2345
7	20903796	21295842	2784
7	21295843	22333508	5462
7	22333509	22836248	2808
7	22836249	23228006	2595
7	23228007	23582442	2126
7	23582443	24330062	3108
7	24330063	24906210	2561
7	24906211	25111253	3369
7	25111254	25717501	4792
7	25717502	26329121	5057
7	26329122	29358030	18876
7	29358031	30090589	2978
7	30090590	30921239	2847
7	30921240	33132483	4450
7	33132484	34313948	2978
7	34313949	35726039	5657
7	35726040	36712286	5150
7	36712287	39234314	8897
7	39234315	40503669	2392
7	40503670	40864593	2034
7	40864594	41574383	4166
7	41574384	42341808	3398
7	42341809	43382496	6346
7	43382497	43926380	4576
7	43926381	44252136	2636
7	44252137	45022501	4182
7	45022502	49428929	27020
7	49428930	49976794	3552
7	49976795	52714474	7382
7	52714475	55815524	4448
7	55815525	57858871	3049
7	57858872	63185628	4691
7	63185629	66188616	4050
7	66188617	74486987	15868
7	74486988	77204519	9262
7	77204520	78307661	3464
7	78307662	80044222	2940
7	80044223	81538522	10240
7	81538523	82559973	4552
7	82559974	84209536	5343
7	84209537	85236287	4444
7	85236288	85622093	2399
7	85622094	86821304	8622
7	86821305	91498298	19389
7	91498299	92191630	2880
7	92191631	95527193	13990
7	95527194	95945469	2028
7	95945470	97668439	2567
7	97668440	98890674	4229
7	98890675	99621989	4394
7	99621990	100283187	2387
7	100283188	100961282	3369
7	100961283	101535780	2230
7	101535781	102329120	3133
7	102329121	102912823	2747
7	102912824	104123395	3111
7	104123396	106976146	12761
7	106976147	107411942	2016
7	107411943	107893485	2530
7	107893486	108420748	3930
7	108420749	108966365	2044
7	108966366	109315947	2432
7	109315948	109751472	2699
7	109751473	110423665	4888
7	110423666	111236502	4104
7	111236503	111502480	2833
7	111502481	111801418	2063
7	111801419	112439118	5350
7	112439119	112795939	2488
7	112795940	113722909	3089
7	113722910	114147652	2856
7	114147653	115167630	3963
7	115167631	115695857	2942
7	115695858	116207900	2866
7	116207901	116587428	2451
7	116587429	116843253	2053
7	116843254	117267433	2812
7	117267434	117711769	3868
7	117711770	117896837	2315
7	117896838	118186014	3231
7	118186015	118856329	5349
7	118856330	119861200	2372
7	119861201	120683174	5336
7	120683175	121212892	2012
7	121212893	121820822	2013
